-390
-210
201
-431
60
-32
206
396
-336
426
295
-178
-139
-498
67
292
102
429
143
220
89
326
-80
78
-137
-308
51
352
471
423
-148
412
43
85
-104
-386
139
215
-299
-220
-434
172
432
451
379
-324
-394
298
382
-230
223
-335
250
-457
-109
-298
-451
-395
410
-182
-113
-111
-359
-92
-14
240
217
-467
57
202
-475
281
210
465
-418
-66
42
208
-245
-213
433
71
113
-481
462
-456
198
-369
373
-52
-262
-236
422
99
-343
55
249
438
289
408
36
119
-320
154
-161
-8
-105
-9
138
339
-408
-452
-439
6
-310
-433
-16
187
90
351
196
44
-426
299
61
221
-20
112
-81
-191
-199
282
378
-4
-313
-450
-132
308
-256
123
265
-43
184
269
-99
-6
448
-264
232
495
359
309
-234
32
-290
-339
-344
322
203
-422
-415
-365
131
-144
-103
245
-224
270
-86
472
-478
-471
419
368
-250
262
-180
53
-305
-118
20
197
-154
252
-283
-165
-379
445
-222
-228
164
-37
446
-68
397
-292
-430
204
165
278
401
-491
-440
468
-70
317
238
-35
329
480
25
-474
-39
-221
342
-22
-97
-455
-141
-173
-107
376
488
-417
-340
-302
-397
93
-424
106
2
-209
-285
456
362
167
151
-23
-278
264
-49
-286
207
-36
11
-453
-153
257
-352
81
430
395
259
357
-188
-208
-465
7
-442
-147
115
-409
386
-170
-27
177
-366
-185
458
449
356
-405
-130
-487
256
227
-187
-193
-261
-242
377
-444
421
437
-183
-3
302
-383
-432
498
-449
-393
417
-152
40
247
-411
366
484
-311
-167
16
96
375
146
-254
-348
-327
-62
403
-485
13
86
156
347
41
404
-201
15
279
-197
-361
-47
37
-480
489
275
-240
-215
-119
237
-252
166
109
-297
-89
288
-112
427
142
-271
260
-131
94
-462
239
-85
350
493
-410
-399
447
-65
-204
-218
161
328
-460
214
391
-482
353
-306
-149
169
110
-301
-420
-200
311
-176
180
-312
243
-156
494
349
18
191
360
280
-414
499
-392
371
-190
-5
-329
-120
-251
80
-484
-30
103
388
390
-248
405
301
-123
-441
-454
-445
392
-26
236
491
380
-263
399
140
364
88
486
225
-164
-157
-88
17
54
-443
185
205
327
-18
-75
-244
-404
400
248
-338
35
-206
-323
52
34
290
-307
-17
83
244
-436
-10
1
-78
307
335
-175
121
466
9
124
-458
314
-124
409
479
211
224
21
266
-38
168
162
-294
305
-284
-354
-358
-428
310
-28
-195
-229
-202
-268
-258
149
344
246
160
-429
483
-226
-237
-189
-72
-169
132
-155
-315
-162
-249
242
-488
97
-296
439
-82
-186
-276
-345
-333
155
296
-423
497
-194
65
411
-184
-238
-470
-110
150
284
441
389
-274
64
-59
343
-381
-151
-495
-239
492
-84
-31
126
358
460
325
4
363
474
-235
209
283
176
332
-419
-77
-227
-341
-277
-342
-247
-106
33
457
-473
-288
365
-40
-64
461
171
-385
194
291
383
-133
-102
-463
321
-370
136
341
-427
-12
313
-45
318
-421
-318
128
-50
-367
159
116
-192
-425
-376
-314
-212
-216
-90
226
-357
330
-51
384
62
-122
-347
48
-407
72
-282
174
-181
-100
229
-231
-400
69
-259
104
228
444
-334
-166
-11
-382
-48
435
-126
336
-25
-401
-499
76
-330
-136
-42
370
-266
-459
19
-98
49
56
79
-497
173
-54
-486
487
29
312
-205
464
95
-275
276
108
294
414
398
434
-303
216
470
-13
-108
-140
181
125
-469
8
-437
-377
286
361
84
255
-44
107
-246
47
-79
-273
-493
268
-198
189
222
258
-232
39
374
77
-121
-319
188
477
-61
-332
345
424
10
-171
-384
100
45
440
-265
-380
50
68
354
425
-279
490
141
387
-388
324
130
-304
-295
27
459
-269
-87
-300
-492
-15
-63
193
251
70
186
-135
473
393
442
-438
-223
385
-76
-260
-115
-378
320
-179
-143
-371
5
428
152
413
406
-413
182
-346
-412
28
293
-337
158
-24
145
241
-138
-317
-389
-402
66
-19
-328
-464
-391
-326
114
-203
-69
285
230
415
-257
26
372
367
-1
-74
394
478
178
-53
218
-375
46
73
190
153
195
-56
-57
24
-291
338
144
170
58
-355
-287
273
-163
-373
-356
481
-94
-267
-60
-129
-309
476
261
183
-360
-403
234
-461
-372
304
315
-368
200
381
254
452
443
-142
-468
192
-253
-448
-41
-145
212
331
-321
-270
82
267
420
-219
-387
148
369
-255
-363
355
-214
-125
306
-159
-496
-34
463
59
-117
-489
-362
-116
213
454
316
38
-293
22
12
-280
179
-134
-196
-2
272
348
334
-500
-168
-33
-233
-127
-95
-93
-241
30
-472
-172
-349
-316
-21
199
-483
-479
-91
-128
436
-71
163
485
105
-207
31
92
-58
337
0
14
-476
-435
231
-114
-398
453
157
-351
235
-73
-83
431
455
-490
23
297
-466
-447
-272
-46
418
-225
233
-150
416
-146
346
-160
137
303
-477
271
-67
175
467
219
-243
3
134
-364
147
118
-406
-350
482
120
117
63
74
-322
333
-29
122
-281
101
323
-177
87
135
-374
402
-158
133
75
98
-325
-331
-55
-396
277
129
-7
253
319
91
-494
475
-211
407
469
-289
263
340
-174
287
274
-446
-416
-101
-217
-96
496
-353
111
300
127
500
450
